 10060     34029240  2 16
 10060     43437000  3 14
 10060     64875120  5 13
 10060     74297805  6 14
 10281     35050500  2 15
 10281     43166820  3 15
 10281     65280540  5 14
 10281     73838297  6 14
 10353     35129400  2 17
 10353     42724320  3 20
 10841     33921540  2 14
 10841     43501440  3  9
 10841     64842780  5  7
 10841     73671724  6  7
 11023     35125620  2 19
 11023     43439160  3 18
 11023     66169080  5 17
 11360     66169080  2 17
 11360     43519920  3 11
 11360     66153480  5  5
 11692     34521780  2  5
 11692     43431720  3  1
 11692     66090360  5  1
 11692     74272970  6  1
 13116     36269460  2 19
 13116     43154640  3  5
 13116     66141780  5  2
 13116     74254401  6  2
 13799     33950220  2 12
 13799     43437660  3 18
 13799     65044620  5 10
 13799     73647554  6 18
 13882     33917580  2 20
 13882     42837600  3 20
 13882     64869180  5 19
 13882     73692959  6 19
 13896     36431940  2  2
 14106     33921960  2 14
 14106     43167120  3 19
 14106     66582720  5 17
 14188     33937260  2  9
 14188     43174980  3 11
 14188     64700940  5 16
 14188     73870141  6 14
 14962     35840760  2  8
 15071     34640100  2  6
 15071     43165320  3 11
 15071     65550360  5  8
 15071     74285788  6  8
 15548     34952100  2  6
 15548     43540860  3  6
 15548     65139240  5  5
 15776     36090120  2  9
 15776     43547940  3 12
 15776     66150180  5 17
 15776     75172819  6 14
 16313     34012740  2 19
 16313     43429620  3 16
 16313     66077700  5  6
 16495     34003680  2 19
 16495     43278960  3 19
 16495     65476860  5 19
 16495     74298434  6 14
 16933     33925740  2  9
 16933     43186320  3  9
 16933     73696316  6 14
 17041     36509520  2  7
 17353     34523640  2 20
 17353     43450800  3  7
 17353     65016180  5 11
 17353     74291508  6  8
 18344     35058780  2  5
 18344     43338420  3  8
 18344     66139020  5  4
 18344     74473589  6  5
 18394     34734000  2 12
 18394     43335300  3 15
 18394     65013840  5 10
 18394     73773127  6  7
 18420     73773127  2  7
 18420     65563740  5 14
 18420     73677002  6 17
 19066     36612600  2 10
 19066     43245900  3 12
 19066     66177060  5 15
 19066     73698942  6  6
 19844     34420380  2 14
 19844     42890640  3 14
 19844     66085020  5 12
 20905     66085020  2 12
 20905     66149520  5  4
 21350     34431720  2 17
 21350     64762620  5 12
 21350     73677971  6  9
 22540     36680760  2  2
 22617     33920280  2 10
 22617     43104720  3  6
 22617     65139780  5  2
 22617     74523235  6  1
 22745     33927180  2 11
 22745     43181640  3 10
 22745     65016180  5  4
 22745     74748123  6  6
 22931     34647840  2 10
 22931     43522980  3  6
 22931     65991420  5  2
 23040     33946140  2 18
 23040     43256160  3 18
 23040     65054340  5  7
 23040     74124733  6  7
 23144     35301600  2 18
 23144     43011180  3 16
 23144     65874480  5 14
 23144     74276055  6 14
 23642     36102240  2  7
 23642     43253580  3 12
 23642     64700400  5  6
 23642     74401504  6  6
 24543     33917940  2 11
 24543     42713160  3 11
 24543     64705860  5  9
 24543     73642754  6 11
 24760     35087940  2 18
 24760     43521660  3 18
 24760     65975880  5 10
 24760     74781613  6 12
 24853     34016520  2 20
 24853     42749280  3 20
 24853     64760520  5 19
 24853     73751585  6 19
 25171     34012980  2 20
 25171     43542480  3 18
 25323     34518180  2 14
 25323     66083220  5  2
 25323     74971919  6  4
 25494     36235500  2  5
 25494     43521360  3  6
 25544     36252480  2 12
 25544     42719340  3 11
 25544     64767660  5  6
 25544     74377544  6  7
 25947     33925560  2 10
 25947     65981880  5  3
 25947     74471972  6  1
 26127     36635640  2 12
 26127     43470180  3  8
 26127     66082380  5  7
 26127     74709222  6  8
 26425     36367560  2 15
 26425     42709380  3 16
 26425     65272320  5 16
 26425     74107886  6 15
 26999     34092420  2  1
 26999     42739320  3  7
 26999     73674302  6  1
 28831     36099300  2 14
 28831     64761780  5 19
 28831     73667424  6 19
 29914     33912960  2  9
 29914     66153780  5  3
 29914     73641964  6  2
 30076     34645200  2  4
 30076     43493700  3 13
 30076     65559060  5 20
 30076     74092995  6 19
 30952     36280620  2 17
 30952     43283460  3 19
 30952     64716720  5 14
 30952     74294027  6 10
 31372     33915780  2  9
 31372     43513140  3  5
 31372     65633880  5  8
 31372     74371005  6  5
 31583     34024440  2 11
 31583     43180440  3  5
 31583     64871640  5  5
 31583     73996725  6  3
 32100     34726440  2 12
 32100     43088100  3  5
 32100     64768560  5  5
 32100     74124671  6  5
 32174     36330720  2 20
 32174     43520160  3 15
 32174     74625096  6 19
 32899     33921240  2 14
 33094     35055060  2 10
 34250     34638120  2 20
 34250     43333980  3 20
 34250     65448120  5 14
 34250     74737482  6 15
 34853     33919020  2 20
 34853     42859740  3 20
 34853     64772160  5 20
 34853     73838610  6 16
 35227     34660020  2 18
 35227     43444320  3 18
 35227     64771680  5 14
 35227     74365208  6 11
 36006     33921900  2 14
 36006     42720120  3 16
 36006     64863900  5 16
 36006     73670508  6 16
 36143     34644840  2  5
 36143     43185540  3  3
 36143     66061800  5  3
 36143     74359748  6  2
 36951     34692960  2 20
 36951     43113540  3 20
 37617     33941160  2 18
 37617     65981580  5 13
 37617     75359659  6 17
 38823     34008300  2 12
 38823     43165620  3 14
 38823     65716680  5 14
 38823     74073074  6 13
 38893     34028820  2  9
 38893     43519680  3  9
 38893     65005020  5  8
 38893     73758573  6  6
 38901     33913800  2  9
 38901     43347600  3 11
 38927     34432740  2 17
 38927     43176540  3 19
 38927     64849920  5 10
 38927     73935280  6 16
 39122     34593360  2 16
 39122     43019100  3  5
 39122     64854060  5  4
 39253     64854060  2  4
 39253     43525320  3 17
 39701     34632420  2  6
 39701     43507020  3  5
 39701     74698893  6  7
 39783     34558440  2 10
 39783     42978540  3  9
 39783     65307720  5  8
 39783     73735055  6  5
 40557     36085560  2 15
 40629     34697340  2 15
 40629     43507140  3 19
 40629     66084780  5 12
 40629     74446589  6 15
 40997     34655580  2 15
 40997     42776880  3 14
 40997     64707240  5 16
 40997     73673123  6 15
 41393     34672860  2 16
 41393     43537860  3 17
 41393     74094264  6 18
 44167     35123400  2  7
 44167     43289160  3  8
 44167     65129940  5  2
 44520     34113600  2 12
 44520     42828540  3 12
 44520     65018280  5  7
 44520     74291910  6  7
 44947     34027380  2  7
 44947     43192080  3  6
 44947     65981760  5  3
 44947     73655801  6  5
 44956     34024320  2 10
 44956     42837960  3 11
 44956     64768620  5  7
 44956     73664480  6 10
 45000     36086700  2  3
 45000     43543320  3  4
 45000     65016120  5  5
 45000     75292607  6  2
 45292     34123560  2  9
 45292     43196700  3  8
 45292     64937580  5  7
 45292     74555338  6  5
 45539     34424640  2 14
 45539     66144780  5  2
 45539     74305566  6  6
 45945     33931860  2  7
 45945     42759600  3  7
 45945     65579160  5 11
 45945     73660603  6  6
 46021     34552800  2  5
 46021     43253880  3  5
 46021     64761960  5  5
 46021     73654763  6  7
 46160     34635240  2 17
 46160     43466700  3 17
 46160     65062860  5 15
 46584     34636620  2  9
 46584     43438560  3  4
 46654     36424980  2 19
 46654     43203720  3  9
 46654     65310660  5  4
 46654     74735760  6  5
 46771     35155860  2  5
 46771     42841440  3  2
 46771     65042160  5  5
 46771     74612635  6  5
 47230     33941580  2 11
 48187     34648320  2  6
 48187     65369940  5  4
 48187     74629945  6  5
 48990     34775460  2  5
 48990     43330020  3  6
 48990     66085260  5  4
 49294     34008720  2 10
 49597     33910080  2  2
 49597     43463280  3  1
 49597     65980020  5  1
 49597     73663090  6  1
 50181     34186380  2 20
 50181     43539300  3 20
 50181     65028720  5 15
 50181     74113202  6 20
 50709     35069040  2 10
 50709     65290200  5  6
 50709     74086573  6  5
 50869     36103260  2 18
 50869     42721800  3 18
 50869     64709520  5 19
 50869     73647917  6 17
 50947     36608220  2 17
 50947     73654206  6  7
 51102     34530420  2 15
 51102     42935460  3 14
 51470     36097440  2 14
 51552     34608360  2 15
 51552     43178940  3  5
 51552     64948020  5  8
 51552     73665040  6 11
 51597     34035540  2 18
 51597     43188060  3 19
 51597     65283300  5 18
 51597     74366000  6 18
 51675     33921480  2 19
 51675     43537260  3 20
 51675     65642040  5 11
 51675     74092609  6 14
 51722     34117920  2  4
 51722     42758580  3 14
 51722     64754880  5 12
 51722     73650079  6  5
 52067     34033260  2 18
 52067     43176000  3 19
 52067     64972320  5 19
 52067     74633357  6 18
 52385     74633357  2 18
 52385     43507320  3 19
 52385     64929000  5 16
 52385     74687678  6 10
 52441     34531560  2 17
 52441     65977680  5  6
 52615     33909600  2  4
 52635     34005900  2 19
 52635     42711360  3 19
 52635     65044500  5  5
 52635     73681374  6  1
 52923     33922620  2 16
 52923     43453020  3 11
 53275     34652700  2 14
 53275     43538100  3 10
 53275     66148140  5  6
 53275     74556019  6  5
 53884     34089060  2 11
 53884     43184160  3 10
 53884     64842840  5 12
 53884     73680883  6 15
 55464     34644180  2  8
 55464     43520100  3  9
 55464     65998260  5  3
 57637     33930360  2 14
 57637     43196100  3 14
 57637     64766340  5 13
 57637     74116229  6 14
 57896     33910380  2  8
 57896     43098720  3  4
 58909     35209800  2 17
 58909     42737760  3 16
 58909     64957020  5 13
 58909     74605494  6 10
 59367     33914820  2 18
 59367     42732540  3 15
 59367     64876800  5 14
 59367     74561563  6 10
 60830     34010460  2  9
 60830     43188120  3  3
 60830     75836302  6  2
 61280     33920400  2  6
 62555     33912840  2 19
 62555     42834480  3  9
 62555     64942500  5  3
 62555     73667541  6  6
 62560     36106680  2  7
 62560     66147360  5  2
 62560     75178031  6  3
 63063     35053680  2 18
 63063     43518180  3 18
 63063     65978400  5 13
 63063     74553437  6 13
 63188     33917220  2 20
 63188     43112040  3 20
 63188     64749120  5 19
 63188     74620232  6 20
 63757     34456500  2 12
 63757     75592854  6  2
 63817     33921240  2 14
 63817     43155120  3 15
 64772     34090500  2  8
 64772     43114080  3  2
 65102     34716420  2  5
 65102     42839640  3  8
 65526     35299380  2 11
 65526     42822900  3 13
 66052     34008120  2 10
 66052     42825660  3  8
 66052     65056620  5  7
 66052     74610896  6  5
 66245     74610896  2  5
 66245     74285909  6 15
 66404     34009860  2 20
 66404     43017420  3 14
 66404     66055080  5  9
 66404     74255253  6  8
 66754     34104180  2 15
 66754     42722400  3  7
 66754     64813380  5  5
 66754     74080111  6  5
 66991     34637400  2 18
 66991     43281660  3 18
 66991     66154980  5 10
 67947     36279840  2  8
 67947     43512480  3  4
 67947     65626440  5  5
 67947     75268610  6  7
 68494     34534620  2  9
 68494     43359060  3  8
 68494     66067200  5  5
 68494     74639320  6  5
 68533     35203620  2 10
 68533     43171320  3 10
 68533     67168980  5  1
 68633     34113300  2 19
 68633     43544520  3 19
 68633     64798200  5 18
 68633     74274927  6 20
 69065     33938100  2 18
 69065     65198880  5  7
 69065     74533283  6  8
 69669     33923280  2 12
 69669     42926040  3  4
 70889     34598640  2 10
 70889     42714900  3  8
 70889     64705980  5 15
 70889     73645068  6 20
 71187     33911940  2  5
 71187     43520400  3  7
 71187     65055240  5  8
 71518     33917820  2 20
 71518     42739860  3 10
 71518     65980560  5  8
 71627     34533540  2 18
 71627     43550400  3 18
 71627     65913180  5 17
 71627     76657824  6 12
 71700     36788700  2 18
 71700     43178040  3 17
 71700     66242040  5 10
 71700     74617930  6  9
 71782     74617930  2  9
 71782     43539120  3 11
 71782     66135360  5  3
 72700     36439560  2 18
 72746     34435260  2  7
 72746     42724560  3  4
 72746     66136140  5  3
 72746     74260989  6  2
 73175     34442040  2 11
 73175     43165800  3 11
 73175     64699860  5  7
 73175     73652496  6  7
 73303     34008480  2 19
 73303     43262160  3 19
 73303     66082440  5 20
 73303     74717128  6 20
 74916     34036680  2 18
 74916     43157220  3 19
 74916     65110620  5 16
 75178     33925320  2 16
 75178     42748740  3 16
 75178     64791960  5  6
 75178     74253770  6  8
 75261     34704840  2 16
 75261     43494180  3  6
 75261     65010900  5  8
 75261     74474028  6  7
 75466     34464960  2 14
 75466     43429920  3  5
 75468     34552020  2  8
 75468     43515240  3  9
 75468     66148140  5 12
 75468     74561880  6 13
 76313     34490460  2 20
 76313     42795360  3 14
 76313     65009160  5 15
 76313     74612880  6 11
 77023     36637860  2 18
 77023     65553360  5  6
 77291     34029300  2 17
 77291     42803520  3 14
 77291     64763940  5  6
 77291     73665213  6  2
 77824     34036500  2 19
 77824     66084840  5 19
 78062     35082300  2 17
 78062     43428360  3 20
 78062     73693060  6  1
 78638     73693060  2  1
 78638     66135780  5  6
 78911     34467540  2 12
 78911     43077420  3 16
 78911     64851540  5  8
 78911     74874989  6  8
 78966     33938580  2 10
 78966     43085820  3 10
 78966     64718820  5  9
 78966     74267501  6 10
 79877     33912780  2 17
 79877     43456200  3  8
 79877     65053020  5  8
 79877     73833490  6  6
 80058     73833490  2  6
 80058     43528440  3  3
 80058     65785980  5  9
 80058     75264947  6 10
 80193     33918180  2 14
 82060     37123860  2 18
 82060     65560200  5  7
 82060     74093766  6  7
 82282     36609900  2  2
 82282     43534020  3  2
 82282     65550300  5  2
 82282     74359253  6  3
 83184     34524180  2  2
 83568     34645500  2 10
 84215     35663580  2 14
 84215     65565720  5 11
 84472     34432680  2 19
 84625     34298460  2  8
 84625     43498560  3  3
 84841     36265980  2  8
 84841     66263940  5  6
 84841     75439825  6  7
 85596     33995640  2  9
 85596     42752520  3 10
 85596     64702260  5 18
 85596     73667285  6 18
 85970     34267320  2 20
 85970     43453620  3 19
 85970     64772520  5 18
 85970     74362125  6 19
 86009     34595820  2  4
 86009     43236660  3  3
 86009     74557677  6  2
 86237     34257900  2 14
 86237     66355380  5  5
 86352     34600200  2  2
 86352     43183920  3  3
 86352     66162840  5  1
 86352     77829930  6  1
 86610     36677820  2 18
 86610     65216580  5  5
 86610     74873410  6  4
 86727     34617540  2 17
 86727     43518240  3 18
 86727     65974380  5 12
 86727     73743907  6 10
 88133     33944220  2  9
 88133     43430400  3  6
 88133     64977180  5 10
 88133     80005990  6  7
 88175     33927780  2  6
 88175     43528920  3  3
 88175     64776660  5  3
 88175     74207266  6  2
 89827     34029540  2 12
 89827     65145420  5  8
 89827     74306359  6  4
